1000 1000
1001 8156
1002 1000
1003 2440
1004 6000
1005 26000
1006 174
1007 5580
1008 4450
1009 5580
100 5590
1010 5965
1011 16244
1012 15371
1013 152
1014 109
1015 109
1016 109
1017 9420
1018 7620
1019 205
101 2200
1020 167
1021 1132
1022 1000
1023 12471
1024 3000
1025 3200
1026 350
1027 7456
1028 300
1029 60
102 6808
1030 10829
1031 1439
1032 1500
1033 3628
1034 50000
1035 750
1036 400
1037 500
1038 632
1039 198
103 2190
1040 117
1041 2400
1042 5000
1043 350
1044 6000
1045 2895
1046 39247
1047 49
1048 340
1049 750
104 2046
1050 21301
1051 31964
1052 14072
1053 38405
1054 38000
1055 41767
1056 11574
1057 11767
1058 50000
1059 46596
105 4500
1060 4034
1061 94653
1062 19334
1063 19695
1064 27027
1065 6540
1066 15340
1067 12070
1068 5831
1069 178406
106 8392
1070 149308
1071 10000
1072 10800
1073 10000
1074 10000
1075 12732
1076 16339
1077 76210
1078 5000
1079 5181
107 1497
1080 69267
1081 2500
1082 10000
1083 6000
1084 6000
1085 18599
1086 19730
1087 83800
1088 23000
1089 10000
108 4706
1090 4190
1091 106701
1092 7779
1093 37140
1094 60000
1095 213673
1096 9000
1097 41826
1098 152635
1099 15000
109 1476
10 25574
1100 27900
1101 25000
1102 11956
1103 3636
1104 5908
1105 50000
1106 261765
1107 2531
1108 4726
1109 42136
110 9817
1110 5394
1111 2154
1112 1371
1113 61598
1114 167679
1115 18401
1116 10206
1117 14756
1118 6392
1119 11000
111 48435
1120 12078
1121 3649
1122 40078
1123 16545
1124 4574
1125 1603
1126 21586
1127 9431
1128 112982
1129 33280
112 35288
1130 39400
1131 5234
1132 5300
1133 3419
1134 8156
1135 1772
1136 1960
1137 40320
1138 2574
1139 600
113 20773
1140 12544
1141 6795
1142 10810
1143 9933
1144 14138
1145 8849
1146 8468
1147 6226
1148 14341
1149 14469
114 15718
1150 1130
1151 5219
1152 28652
1153 11103
1154 50541
1155 407
1156 12878
1157 15848
1158 6542
1159 2489
115 16346
1160 22080
1161 32505
1162 24047
1163 1375
1164 6638
1165 22129
1166 8313
1167 3879
1168 11446
1169 30744
116 30333
1170 10418
1171 4009
1172 32271
1173 48165
1174 7053
1175 6477
1176 3796
1177 7955
1178 2012
1179 3120
117 17311
1180 968
1181 950
1182 20635
1183 26466
1184 11908
1185 35984
1186 63217
1187 7686
1188 2028
1189 6840
118 17704
1190 7121
1191 25992
1192 7814
1193 157196
1194 4808
1195 30995
1196 4221
1197 13862
1198 11416
1199 2187
119 33692
11 19133
1200 21126
1201 10101
1202 9441
1203 18861
1204 823
1205 15000
1206 1238
1207 4854
1208 648
1209 64047
120 18767
1210 75074
1211 14424
1212 4402
1213 2058
1214 36528
1215 36963
1216 6500
1217 701
1218 48076
1219 19652
121 15728
1220 1305
1221 26485
1222 4123
1223 8399
1224 1296
1225 47809
1226 13294
1227 26418
1228 1800
1229 14335
122 80848
1230 66893
1231 648
1232 13652
1233 3150
1234 4507
1235 1432
1236 57737
1237 6766
1238 54456
1239 28220
123 111063
1240 6343
1241 29895
1242 1434
1243 7266
1244 1634
1245 473
1246 47151
1247 30500
1248 15910
1249 35800
124 17670
1250 15000
1251 29907
1252 5560
1253 60000
1254 88406
1255 40016
1256 1407
1257 27649
1258 78831
1259 80000
125 17194
1260 47217
1261 5600
1262 855
1263 1000
1264 20000
1265 63890
1266 300
1267 2622
1268 611
1269 1130
126 16680
1270 16000
1271 5200
1272 451
1273 10000
1274 116
1275 1198
1276 144
1277 935
1278 108
1279 6010
127 23990
1280 103
1281 120
1282 10000
1283 2000
1284 732
1285 16625
1286 1538
1287 2500
1288 3943
1289 1000
128 15763
1290 100
1291 8103
1292 1843
1293 2000
1294 423
1295 1915
1296 109
1297 25000
1298 733
1299 5163
129 95912
12 18998
1300 563
1301 230
1302 39892
1303 3564
1304 3652
1305 4300
1306 16189
1307 24800
1308 10016
1309 1593
130 15346
1310 20000
1311 4933
1312 29089
1313 80000
1314 3380
1315 501560
1316 50000
1317 50000
1318 23100
1319 19000
131 16549
1320 7630
1321 50000
1322 15600
1323 58545
1324 21504
1325 53295
1326 49717
1327 118313
1328 15000
1329 12824
132 89800
1330 33141
1331 30000
1332 1490
1333 57000
1334 123402
1335 1939
1336 8000
1337 11090
1338 25000
1339 9400
133 19950
1340 29564
1341 4880
1342 4000
1343 2075
1344 5000
1345 9732
1346 65900
1347 10680
1348 22340
1349 16000
134 62974
1350 1154
1351 10043
1352 6908
1353 14509
1354 20000
1355 30500
1356 42000
1357 5000
1358 11500
1359 13176
135 55000
1360 13080
1361 17690
1362 2090
1363 10000
1364 30000
1365 34000
1366 10093
1367 109306
1368 9400
1369 750
136 14433
1370 44892
1371 55687
1372 667140
1373 5158
1374 10267
1375 32178
1376 41207
1377 782
1378 467
1379 5177
137 3831
1380 943
1381 502
1382 296
1383 25000
1384 190
1385 3750
1386 22676
1387 163
1388 6356
1389 25500
138 4303
1390 500
1391 32223
1392 5000
1393 37100
1394 40000
1395 2100
1396 4880
1397 15000
1398 2480
1399 74752
139 5029
13 7795
1400 294
1401 83
1402 1464
1403 350
1404 523
1405 523
1406 522
1407 583
1408 329
1409 630
140 519
1410 563
1411 6998
1412 4000
1413 500
1414 2020
1415 600
1416 40000
1417 6550
1418 840
1419 2780
141 850
1420 6798
1421 15210
1422 6200
1423 12258
1424 13153
1425 9263
1426 14040
1427 2000
1428 711691
1429 14206
142 6657
1430 8993
1431 1597
1432 3750
1433 3480
1434 4906
1435 8200
1436 2347
1437 23628
1438 7810
1439 65625
143 3163
1440 35992
1441 834
1442 291
1443 30385
1444 316
1445 295
1446 439
1447 2750
1448 431
1449 4842
144 6512
1450 53
1451 2674
1452 23
1453 551
1454 2700
1455 60
1456 200
1457 50
1458 845
1459 704
145 8579
1460 146
1461 4843
1462 148
1463 199
1464 50103
1465 72
1466 120
1467 5800
1468 7000
1469 1500
146 2839
1470 864
1471 2610
1472 5220
1473 19365
1474 1065
1475 480
1476 5000
1477 24910
1478 4778
1479 40
147 4818
1480 5000
1481 7000
1482 423
1483 99
1484 11600
1485 402
1486 3906
1487 13773
1488 481317
1489 5000
148 741
1490 602
1491 29654
1492 1220
1493 895
1494 2500
1495 1200
1496 1740
1497 4800
1498 37962
1499 4228
149 4693
14 3827
1500 120000
1501 86864
1502 6500
1503 65000
1504 98360
1505 55510
1506 105250
1507 51575
1508 25100
1509 22000
150 6235
1510 9000
1511 23729
1512 21400
1513 29270
1514 100000
1515 2566
1516 7571
1517 2500
1518 67491288
1519 25000
151 5490
1520 327747
1521 12037
1522 2759
1523 9354
1524 5004
1525 8082
1526 9241
1527 360000
1528 36782
1529 5000
152 12549
1530 400000
1531 52816
1532 30000
1533 56136
1534 38354
1535 2891
1536 15063
1537 15140
1538 40000
1539 40000
153 9000
1540 20000
1541 1416
1542 648
1543 3594
1544 4290
1545 1818
1546 280
1547 11370
1548 12682
1549 443
154 2068
1550 570
1551 798
1552 3239
1553 1838
1554 847
1555 226095
1556 2371
1557 3258564
1558 46478
1559 527308
155 3130
1560 2245654
1561 32450
1562 20383
1563 362829
1564 43078
1565 14440
1566 2070639
1567 1559553
1568 876
1569 4557
156 7217
1570 3000
1571 6631
1572 11596
1573 6742
1574 10773
1575 5000
1576 5870
1577 5000
1578 874
1579 3076
157 15397
1580 5000
1581 277727
1582 5000
1583 27800
1584 6329
1585 7450
1586 60000
1587 47354505
1588 5252558
1589 21000
158 2550
1590 16000
1591 11500
1592 5000
1593 10370
1594 65500
1595 65500
1596 239693
1597 103872
1598 114697
1599 98083
159 100000
15 4720
1600 76285
1601 3900
1602 18399
1603 13041
1604 4704
1605 14587
1606 5000
1607 56268
1608 40000
1609 11405
160 11697
1610 6388
1611 10000
1612 20000
1613 14556
1614 375000
1615 36725
1616 14387
1617 20939
1618 28196
1619 14995
161 31384
1620 14876
1621 3421
1622 3894
1623 10054
1624 2486
1625 28000
1626 4960
1627 4000
1628 37282
1629 12000
162 40000
1630 2157800
1631 516200
1632 17434
1633 4674
1634 20000
1635 35171
1636 1228708
1637 33489
1638 102724
1639 51917
163 13671
1640 15770
1641 2800
1642 2985
1643 2154
1644 36000
1645 176900
1646 22586
1647 4984
1648 7532
1649 2486
164 88181
1650 4281
1651 9760
1652 1513
1653 2449
1654 6650
1655 25507
1656 94047
1657 71129
1658 9196
1659 780
165 16228
1660 13268
1661 5342380
1662 3948
1663 14520
1664 3014
1665 4878
1666 2000
1667 19557
1668 75606
1669 265400
166 16554
1670 648
1671 1161
1672 6260
1673 23670
1674 30850
1675 1148465
1676 54139
1677 41484
1678 55093
1679 25256
167 8800
1680 415149
1681 1896138
1682 75017
1683 22835
1684 4020000
1685 15000
1686 70000
1687 4058
1688 31443
1689 10000
168 6500
1690 10000
1691 22231
1692 9997
1693 1972
1694 16857
1695 10214
1696 38532
1697 1416
1698 2526597
1699 7065
169 2007
16 2167
1700 5227160
1701 50631
1702 23914
1703 1326284
1704 15806
1705 22873
1706 20296
1707 1347987
1708 25287
1709 2514384
170 50000
1710 217416
1711 706783
1712 10396
1713 9208
1714 4793
1715 8539
1716 1527
1717 4215
1718 5801
1719 1936
171 5000
1720 3086
1721 2816
1722 876500
1723 3088
1724 5000
1725 13205
1726 14000
1727 4651
1728 1000000
1729 10593
172 60553
1730 1199
1731 10174
1732 300000
1733 2500
1734 17300
1735 30000
1736 20000
1737 20000
1738 39500
1739 19565
173 20244
1740 5490
1741 8448
1742 12180
1743 439
1744 5000
1745 5000
1746 8919
1747 5000
1748 10000
1749 1927
174 77266
1750 1760
1751 30
1752 2191
1753 375721
1754 2877
1755 47214
1756 787
1757 948983
1758 1839
1759 139309
175 55500
1760 83
1761 942
1762 125109
1763 650
1764 25
1765 184
1766 151
1767 12058
1768 330
1769 12393
176 55500
1770 180
1771 124
1772 113
1773 5667
1774 8000
1775 3093
1776 1631
1777 588
1778 500
1779 700
177 39528
1780 10000
1781 915
1782 109
1783 109
1784 4710
1785 4110
1786 2840
1787 230
1788 230
1789 4531
178 640
1790 4530
1791 2840
1792 2600
1793 1010
1794 900
1795 10503
1796 77
1797 800
1798 200000
1799 7200
179 3900
17 1499
1800 12303
1801 375
1802 3610
1803 12000
1804 15
1805 691
1806 100
1807 523
1808 99
1809 2441
180 33272
1810 153
1811 2765
1812 7283
1813 43
1814 1659073
1815 24449
1816 160261
1817 2000
1818 2812
1819 20000
181 470000
1820 15850
1821 3022
1822 80000
1823 11099
1824 14734
1825 5000
1826 5000
1827 8770
1828 13645
1829 20000
182 9347
1830 114924
1831 5000
1832 120000
1833 64883
1834 4100
1835 2800
1836 13335
1837 40000
1838 15356
1839 50000
183 58110
1840 4500
1841 4592
1842 10000
1843 84634
1844 20000
1845 772
1846 28800
1847 7173
1848 10010
1849 2806
184 229369
1850 2952
1851 13800
1852 4850
1853 31197
1854 10879
1855 23160
1856 1030
1857 2200
1858 4000
1859 31251
185 27450
1860 1183
1861 151654
1862 65009
1863 1296
1864 41582
1865 8000
1866 30000
1867 32732
1868 1225
1869 1270
186 331328
1870 16540
1871 33236
1872 15000
1873 8360
1874 547
1875 3880
1876 1203
1877 2742
1878 21560
1879 1280602
187 7393
1880 201556
1881 1181
1882 11331
1883 3237
1884 39136
1885 10241
1886 31197
1887 5366
1888 157363
1889 12300
188 443000
1890 5176307
1891 22825
1892 79225
1893 2203
1894 227
1895 70117
1896 4102
1897 35000
1898 17115
1899 34030
189 44248
18 67290
1900 6412
1901 3479
1902 138489
1903 27058
1904 10980
1905 13583
1906 19903
1907 110000
1908 30000
1909 117995
190 7503
1910 200000
1911 20000
1912 9796
1913 33000
1914 6200
1915 2360
1916 4000
1917 1798
1918 8444
1919 1532
191 21557
1920 25000
1921 10769
1922 8941
1923 11598
1924 19544
1925 3350
1926 10000
1927 5337
1928 19331
1929 40325
192 25754
1930 6500
1931 35000
1932 4102921
1933 248534
1934 33728
1935 26759
1936 1188075
1937 123488
1938 2500
1939 1440
193 34066
1940 637452
1941 4761
1942 1400
1943 7302
1944 8947
1945 5237
1946 2087
1947 3502
1948 3108
1949 650
194 68093
1950 11884
1951 5977
1952 9758
1953 4000
1954 12100
1955 3350
1956 3350
1957 43212
1958 21448
1959 14082
195 26490
1960 58842
1961 640732
1962 34410
1963 314963
1964 22485
1965 87418
1966 239162
1967 41526
1968 54654
1969 84898
196 30000
1970 33630
1971 6018800
1972 946129
1973 420437
1974 287793
1975 178570
1976 458183
1977 2020
1978 1456
1979 6510
197 23077
1980 11850
1981 11235
1982 1674
1983 10594
1984 12289
1985 8747
1986 3828
1987 71756
1988 3639620
1989 13864
198 19272
1990 14250
1991 18035
1992 1542808
1993 19820
1994 23704
1995 558132
1996 53083
1997 250256
1998 778547
1999 74586
199 15959
19 1222
1 2250
2000 31833
2001 23566
2002 71779
2003 19290
2004 24132
2005 362294
2006 31935
2007 5115
2008 4436
2009 8749
200 6740
201 19408
202 3500
203 12772
204 9915
205 11937
206 25000
207 19828
208 1800
209 6274
20 540
210 1952
211 12668
212 13817
213 5720
214 19507
215 25096
216 4159
217 5596
218 4573
219 5468
21 541
220 5000
221 24583
222 47605
223 11500
224 47506
225 17907
226 124000
227 8401
228 28420
229 16315
22 230
230 6085
231 2510
232 9014
233 9859
234 35476
235 23104
236 9763
237 15072
238 5951
239 3647
23 15
240 20934
241 146400
242 16690
243 25218
244 118535
245 67388
246 1615
247 5000
248 1022
249 40000
24 368
250 35563
251 11553
252 2160
253 50000
254 23303
255 5880
256 2290
257 12000
258 600
259 237669
25 127
260 467770
261 30000
262 6000
263 13312
264 18139
265 111544
266 6757
267 43824
268 56939
269 3755
26 33
270 22955
271 32164
272 5242
273 2869
274 7429
275 10028
276 10362
277 4100
278 22142
279 15019
27 100
280 203148
281 1586
282 46178
283 16599
284 6752
285 2908
286 10912
287 6734
288 9510
289 26675
28 423
290 62302
291 6416
292 10379
293 27540
294 26379
295 19096
296 8765
297 3749
298 23104
299 18513
29 109
2 60
300 15000
301 17800
302 26928
303 21200
304 6641
305 16018
306 5917
307 6302
308 9730
309 16700
30 109
310 22066
311 1774
312 4058
313 9029
314 74138
315 7500
316 1569
317 5583
318 40681
319 8410
31 109
320 21649
321 1991
322 12867
323 23058
324 30000
325 13273
326 48170
327 5131
328 33560
329 14835
32 109
330 9178
331 27757
332 3854
333 8781
334 22292
335 8558
336 2677
337 1356
338 51215
339 66730
33 109
340 27843
341 7226
342 6386
343 9804
344 15952
345 104927
346 32592
347 9656
348 83215
349 27229
34 109
350 13981
351 1963
352 10088
353 44534
354 44167
355 9325
356 34605
357 3843
358 4590
359 27556
35 109
360 20514
361 2158
362 10427
363 5881
364 2554
365 40000
366 10473
367 52748
368 7885
369 3293
36 3010
370 10638
371 6946
372 22107
373 13330
374 1416
375 95240
376 15238
377 38233
378 31927
379 211231
37 3010
380 16470
381 212193
382 199689
383 11000
384 51318
385 14000
386 11772
387 64433
388 39286
389 26873
38 2610
390 2763
391 23418
392 2100
393 90351
394 22160
395 3843
396 18700
397 7235
398 2078
399 28052
39 446
3 100
400 27540
401 3638
402 5680
403 188759
404 4084
405 5558
406 28835
407 20663
408 6237
409 41884
40 230
410 63253
411 26511
412 40880
413 66186
414 113476
415 17300
416 8680
417 68816
418 36006
419 30000
41 190
420 80000
421 4057
422 195665
423 189603
424 4387
425 20151
426 4839
427 25683
428 5218
429 2231
42 50000
430 69630
431 50000
432 17865
433 21500
434 26928
435 46267
436 11974
437 7148
438 5147
439 15449
43 200
440 4384
441 3000
442 224712
443 52063
444 38262
445 15952
446 100848
447 33281
448 7066
449 14554
44 116
450 19396
451 5356
452 24324
453 27499
454 11940
455 24303
456 5012
457 26675
458 6075
459 38153
45 1159
460 56295
461 23411
462 12000
463 15959
464 3379
465 48484
466 5938
467 1943
468 50000
469 24490
46 5000
470 16386
471 10200
472 2030
473 10504
474 6584
475 6495
476 6663
477 10000
478 9513
479 11272
47 1265
480 2478
481 13829
482 6897
483 1928
484 150000
485 131752
486 91880
487 2900
488 19160
489 54631
48 3500
490 38153
491 38982
492 16018
493 26928
494 26502
495 32773
496 7744
497 77216
498 72187
499 92715
49 58433
4 925
500 189603
501 8635
502 83630
503 23554
504 167020
505 3124
506 80000
507 9895
508 81532
509 8262
50 95892
510 3900
511 50000
512 1969
513 7521
514 7500
515 3378
516 157946
517 4116
518 3843
519 32712
51 17100
520 15000
521 150000
522 16000
523 3400
524 5464
525 23400
526 30000
527 28479
528 1448
529 19160
52 70497
530 14237
531 67010
532 6718
533 10000
534 17675
535 6901
536 12027
537 330640
538 13005
539 77134
53 9300
540 44810
541 52237
542 76472
543 34562
544 5087
545 53459
546 158845
547 32817
548 4715
549 35000
54 10000
550 75804
551 12428
552 27776
553 264286
554 202705
555 2338
556 13638
557 150000
558 35000
559 18051
55 74965
560 17675
561 38153
562 19479
563 17146
564 12932
565 14591
566 35000
567 18014
568 21857
569 20000
56 15000
570 10000
571 36499
572 30668
573 145000
574 80486
575 13109
576 64949
577 210438
578 150000
579 15000
57 5009
580 40000
581 8527
582 1416
583 9991
584 3804
585 5980
586 12522
587 10757
588 19802
589 40000
58 80000
590 157197
591 3470
592 81212
593 145000
594 138145
595 195667
596 21500
597 10000
598 25000
599 66697
59 15366
5 200
600 62914
601 18353
602 39287
603 3629
604 61158
605 20268
606 69630
607 27375
608 7000
609 8262
60 13968
610 23649
611 3614
612 55067
613 5730
614 148535
615 17146
616 15000
617 55067
618 18353
619 23500
61 25000
620 42316
621 12000
622 55067
623 42316
624 57862
625 43000
626 55067
627 42316
628 52442
629 49586
62 32245
630 39410
631 39287
632 12000
633 7505
634 17643
635 68888
636 17644
637 1110
638 611
639 1686
63 18056
640 434
641 939
642 1797
643 8694
644 248
645 14012
646 494
647 965
648 2969
649 355
64 33714
650 39300
651 291
652 1300
653 53
654 543
655 1338
656 552
657 2500
658 436
659 931
65 212179
660 871
661 2848
662 454
663 2222
664 1119
665 11810
666 671
667 15100
668 1187
669 12898
66 17427
670 713
671 2550
672 511
673 751
674 2969
675 25
676 764
677 27080
678 1686
679 904
67 65000
680 1342
681 677
682 3158
683 318
684 1500
685 5230
686 4930
687 872
688 1707
689 467
68 93922
690 396
691 11653
692 20700
693 10715
694 10405
695 2500
696 1544
697 1231
698 1080
699 20000
69 3636
6 10248
700 248
701 6000
702 1185
703 494
704 1045
705 9365
706 495
707 2970
708 12692
709 6000
70 5106
710 300
711 872
712 6000
713 17473
714 2974
715 1064
716 6858
717 5818
718 839
719 2005
71 117718
720 21749
721 1155
722 3340
723 430
724 1839
725 1095
726 839
727 3158
728 6177
729 759
72 111000
730 10000
731 1025
732 40000
733 3022
734 37500
735 585
736 1995
737 1874
738 2849
739 923
73 19711
740 1536
741 10694
742 4555
743 5717
744 3158
745 10000
746 1025
747 47000
748 923
749 1900
74 5315
750 4193
751 4000
752 9000
753 1353
754 2089
755 10000
756 1025
757 3516
758 1900
759 15000
75 22000
760 923
761 1317
762 2100
763 264
764 260
765 636
766 10000
767 1900
768 10000
769 1900
76 15006
770 28694
771 13935
772 7384
773 21567
774 31369
775 64032
776 15700
777 63936
778 11000
779 39900
77 80224
780 4523
781 6120
782 32151
783 15700
784 12224
785 11000
786 10470
787 40000
788 3264
789 409176
78 22814
790 166000
791 33165
792 78034
793 70000
794 31968
795 32516
796 25810
797 145000
798 6746
799 65032
79 49515
7 25441
800 38000
801 26468
802 13935
803 4542
804 377086
805 77231
806 18353
807 13935
808 37969
809 15887
80 30000
810 255745
811 32516
812 13548
813 4609
814 19000
815 17288
816 21312
817 390193
818 63936
819 8450
81 36581
820 9068
821 7578
822 3511233
823 20000
824 19620
825 340426
826 17288
827 20297
828 500000
829 17288
82 19571
830 317071
831 39480
832 28000
833 145000
834 27500
835 14463
836 4460
837 16325
838 4751
839 1859
83 67555
840 24000
841 17290
842 91727
843 21312
844 32500
845 57588
846 28849
847 28109
848 65000
849 400000
84 52757
850 10613
851 63936
852 3290
853 32516
854 4495
855 40000
856 5813
857 167630
858 8679
859 10149
85 5000
860 47111
861 13350
862 58677
863 11000
864 15984
865 21312
866 10658
867 15984
868 20000
869 15984
86 5262
870 28000
871 32500
872 23141
873 123127
874 15775
875 5583856
876 9000
877 15400
878 14398
879 108733
87 26000
880 13888
881 15506
882 10505
883 172000
884 110820
885 48019
886 1079
887 9792469
888 90000
889 90116
88 4000
890 13278
891 70000
892 17729
893 94278
894 9000
895 8316
896 300000
897 9740
898 11186
899 5430
89 15700
8 280000
900 21605
901 107195
902 4914
903 7794
904 32404
905 12682
906 90000
907 149118
908 77656
909 250000
90 20430
910 147134
911 100000
912 172355
913 8293
914 300000
915 26304
916 21605
917 238385
918 2756
919 44940
91 2110
920 14000
921 97060
922 6450
923 26467
924 4900
925 3686907
926 11000
927 7333
928 4678
929 714691
92 2927
930 16325
931 48780
932 714691
933 97060
934 9000
935 30000
936 22000
937 6105
938 340352
939 714691
93 8289
940 11843
941 16325
942 10455
943 45500
944 14333
945 14000
946 143333
947 37038
948 14390
949 4700
94 3651
950 10000
951 4700
952 10000
953 26572
954 3000
955 7141
956 1056
957 7097
958 6678
959 4357
95 2348
960 1305
961 101
962 5000
963 10762
964 219
965 1641
966 360
967 5170
968 171
969 548
96 9760
970 3165
971 239
972 20952
973 2695
974 5749
975 14200
976 422
977 234
978 20952
979 854
97 6039
980 446
981 356
982 1641
983 1348
984 3579
985 1000
986 2040
987 20952
988 1000
989 1055
98 11068
990 1161
991 1000
992 4018
993 1000
994 547
995 1000
996 3264
997 1000
998 4400
999 1000
99 1133
9 22970
