1000 19040
1001 18000
1002 74129
1003 16357
1004 7125
1005 25000
1006 30000
1007 92874
1008 50000
1009 45000
100 1212330
1010 57500
1011 200388
1012 12000
1013 360000
1014 17000
1015 164793
1016 121380
1017 85000
1018 49174
1019 50000
101 324000
1020 30000
1021 160000
1022 100000
1023 62972
1024 925000
1025 400000
1026 1455542
1027 270000
1028 62800
1029 100000
102 50000
1030 330000
1031 50000
1032 139042
1033 77902
1034 7282800
1035 29328
1036 44000
1037 21231
1038 251677
1039 54000
103 24000
1040 26894
1041 157009
1042 219500
1043 187000
1044 124950
1045 42000
1046 400000
1047 89609
1048 45000
1049 455000
104 120000
1050 475931
1051 153487
1052 20000
1053 200000
1054 161720
1055 344006
1056 205149
1057 22000
1058 51000
1059 220500
105 267785
1060 804700
1061 10000
1062 414329
1063 200000
1064 96495
1065 242161
1066 160000
1067 32500
1068 43480
1069 200000
106 250000
1070 350000
1071 460000
1072 62000
1073 206924
1074 50000
1075 40000
1076 318136
1077 160000
1078 230042
1079 3025545
107 241240
1080 30000
1081 100000
1082 30000
1083 225000
1084 48390
1085 270368
1086 50000
1087 8368
1088 38500
1089 100000
108 100000
1090 245798
1091 44000
1092 80000
1093 220000
1094 67111
1095 330000
1096 40900
1097 35000
1098 65000
1099 24000
109 150000
10 312428
1100 300000
1101 2873813
1102 350000
1103 66676
1104 238000
1105 200000
1106 30930
1107 109090
1108 62500
1109 595000
110 173900
1110 470000
1111 250000
1112 50000
1113 18087
1114 28000
1115 324275
1116 176800
1117 113354
1118 24381
1119 6564
111 346596
1120 100215
1121 30000
1122 200000
1123 3270619
1124 303060
1125 300000
1126 100000
1127 22000
1128 48360
1129 38184
112 2687325
1130 263680
1131 35000
1132 3878412
1133 449000
1134 81000
1135 250000
1136 310000
1137 2677500
1138 201438
1139 35000
113 40000
1140 200000
1141 290000
1142 500000
1143 100000
1144 55000
1145 110000
1146 28000
1147 500000
1148 75000
1149 4436407
114 25000
1150 150000
1151 972000
1152 39000
1153 850054
1154 294268
1155 200000
1156 35000
1157 71400
1158 32800
1159 270000
115 20000
1160 83309
1161 2015178
1162 120000
1163 335293
1164 494784
1165 30000
1166 225150
1167 330000
1168 89826
1169 300000
116 130490
1170 500000
1171 25000
1172 160000
1173 500000
1174 226320
1175 50000
1176 200000
1177 150000
1178 21420
1179 1500000
117 500000
1180 190002
1181 55000
1182 304052
1183 50000
1184 200000
1185 30000
1186 200000
1187 64111
1188 74000
1189 102396
118 316417
1190 216653
1191 357000
1192 402992
1193 71681
1194 60000
1195 84020
1196 118800
1197 21000
1198 158000
1199 116596
119 48295
11 30000
1200 30000
1201 1071968
1202 23800
1203 42890
1204 50000
1205 303252
1206 361058
1207 100000
1208 169195
1209 180000
120 30000
1210 147429
1211 400000
1212 218040
1213 21560
1214 3600
1215 50000
1216 1139419
1217 454818
1218 500000
1219 50000
121 15400
1220 280000
1221 168730
1222 50000
1223 48262
1224 161186
1225 80000
1226 120000
1227 150000
1228 170000
1229 500000
122 330000
1230 500000
1231 6000
1232 80000
1233 380000
1234 108587
1235 278766
1236 398197
1237 19000
1238 149000
1239 95000
123 155731
1240 185000
1241 142094
1242 253000
1243 400000
1244 88465
1245 114000
1246 500000
1247 482056
1248 224677
1249 30000
124 80000
1250 178500
1251 347242
1252 87000
1253 100000
1254 28900
1255 27965
1256 154000
1257 238000
1258 25000
1259 67000
125 92500
1260 125000
1261 23781
1262 214500
1263 50000
1264 27100
1265 500000
1266 379000
1267 100000
1268 100000
1269 344734
126 18000
1270 60000
1271 100000
1272 180409
1273 60000
1274 85000
1275 80000
1276 99484
1277 2142119
1278 174885
1279 20000
127 222750
1280 45000
1281 200000
1282 260000
1283 38050
1284 148500
1285 200000
1286 192171
1287 337500
1288 456122
1289 1125718
128 92701
1290 140000
1291 400000
1292 32500
1293 38937
1294 46800
1295 135000
1296 42556
1297 400000
1298 280583
1299 16194
129 315000
12 154700
1300 7380
1301 250000
1302 302550
1303 286500
1304 54180
1305 952000
1306 378000
1307 60333
1308 164220
1309 80000
130 315000
1310 2220378
1311 41650
1312 80000
1313 1072364
1314 36575
1315 12000
1316 330000
1317 94962
1318 500000
1319 300000
131 34272
1320 150000
1321 623470
1322 111868
1323 176000
1324 722569
1325 1674794
1326 33000
1327 185000
1328 96628
1329 35000
132 20000
1330 107000
1331 25000
1332 66640
1333 25000
1334 47600
1335 100000
1336 181697
1337 100000
1338 500000
1339 27975
133 45000
1340 95200
1341 76000
1342 80000
1343 138000
1344 500000
1345 40000
1346 187264
1347 8370
1348 125000
1349 70980
134 350000
1350 150000
1351 87950
1352 221702
1353 25250
1354 74350
1355 219806
1356 203271
1357 56480
1358 50000
1359 60000
135 15000
1360 72000
1361 202369
1362 21100
1363 163000
1364 30000
1365 99561
1366 400000
1367 118600
1368 30000
1369 265000
136 3938000
1370 116500
1371 288296
1372 149006
1373 400000
1374 741690
1375 100000
1376 2100000
1377 500000
1378 44000
1379 18400
137 180730
1380 299724
1381 10000
1382 60667
1383 10000
1384 378176
1385 369626
1386 102400
1387 105000
1388 12740
1389 55307
138 383815
1390 95210
1391 85000
1392 100000
1393 100000
1394 201600
1395 1500000
1396 126000
1397 734406
1398 300000
1399 67000
139 200000
13 297394
1400 43500
1401 90000
1402 50000
1403 414524
1404 74283
1405 2142121
1406 101150
1407 371871
1408 50000
1409 210000
140 30000
1410 56000
1411 36000
1412 108228
1413 45000
1414 233468
1415 153600
1416 36000
1417 127281
1418 100000
1419 48397
141 45429
1420 1200000
1421 136860
1422 100000
1423 3952911
1424 70000
1425 358333
1426 467714
1427 97865
1428 294118
1429 1145313
142 30000
1430 60000
1431 150000
1432 3000000
1433 25000
1434 3346372
1435 71400
1436 116200
1437 36000
1438 125000
1439 257611
143 358654
1440 130000
1441 300000
1442 200000
1443 100449
1444 22000
1445 80000
1446 10000
1447 60000
1448 185740
1449 321000
144 221077
1450 200000
1451 163454
1452 23790
1453 99008
1454 36725
1455 301229
1456 500000
1457 28000
1458 1183929
1459 321500
145 25000
1460 265800
1461 145000
1462 66176
1463 1035300
1464 182000
1465 100800
1466 220000
1467 189514
1468 70000
1469 30000
146 134208
1470 172247
1471 44205
1472 239000
1473 302360
1474 11900
1475 66000
1476 226208
1477 300000
1478 61201
1479 50000
147 271455
1480 170000
1481 345000
1482 131032
1483 120000
1484 135000
1485 402380
1486 189920
1487 90830
1488 100000
1489 855429
148 75000
1490 281000
1491 76000
1492 286022
1493 35000
1494 45000
1495 255000
1496 8990
1497 35000
1498 734000
1499 43500
149 189877
14 199418
1500 492002
1501 254410
1502 400000
1503 45000
1504 130535
1505 367971
1506 88512
1507 457068
1508 8881
1509 39000
150 50400
1510 220168
1511 20000
1512 3650000
1513 150000
1514 100000
1515 339864
1516 120000
1517 395030
1518 300000
1519 107054
151 42000
1520 30000
1521 30200
1522 162000
1523 134184
1524 290629
1525 163347
1526 101952
1527 180960
1528 29606
1529 45000
152 500000
1530 1757557
1531 26000
1532 308795
1533 500000
1534 30000
1535 500000
1536 450000
1537 250000
1538 60000
1539 52000
153 250000
1540 200000
1541 145600
1542 327250
1543 45000
1544 235615
1545 105000
1546 77000
1547 300000
1548 150000
1549 16500
154 58500
1550 100000
1551 90000
1552 106240
1553 50000
1554 30000
1555 542000
1556 415800
1557 83680
1558 65000
1559 855000
155 210000
1560 80000
1561 60000
1562 20000
1563 401696
1564 280000
1565 398299
1566 89900
1567 9000
1568 280000
1569 22590
156 137750
1570 182070
1571 132488
1572 184979
1573 157093
1574 33000
1575 82879
1576 521577
1577 96000
1578 3103044
1579 25000
157 155777
1580 74000
1581 300000
1582 97385
1583 360000
1584 450000
1585 216749
1586 369626
1587 233000
1588 200000
1589 150000
158 319000
1590 250000
1591 152913
1592 200000
1593 56000
1594 74940
1595 14900
1596 7000
1597 100000
1598 480000
1599 341054
159 290000
15 17500
1600 27125
1601 45509
1602 268154
1603 71814
1604 140000
1605 500000
1606 85867
1607 7000
1608 50000
1609 12000
160 418285
1610 35000
1611 331826
1612 115000
1613 200000
1614 42689
1615 2700
1616 108804
1617 50694
1618 441974
1619 483534
161 200000
1620 7000
1621 22185
1622 500000
1623 207375
1624 69600
1625 200000
1626 250000
1627 30000
1628 403590
1629 403590
162 82200
1630 550000
1631 160000
1632 13842
1633 75000
1634 60000
1635 110433
1636 50000
1637 20000
1638 72000
1639 22000
163 200000
1640 142562
1641 59500
1642 328612
1643 113050
1644 250000
1645 160000
1646 55000
1647 20000
1648 168000
1649 16900
164 44244
1650 30000
1651 100000
1652 50000
1653 15000
1654 404849
1655 415800
1656 35268
1657 158511
1658 95000
1659 52640
165 235000
1660 1500000
1661 181000
1662 38000
1663 49500
1664 57000
1665 182692
1666 200000
1667 32500
1668 73300
1669 110501
166 476000
1670 34100
1671 465070
1672 361201
1673 240000
1674 385404
1675 360000
1676 223720
1677 9092472
1678 150000
1679 55000
167 5000
1680 60000
1681 124950
1682 180000
1683 40000
1684 190400
1685 60000
1686 45000
1687 317500
1688 50000
1689 370000
168 150000
1690 10500
1691 59500
1692 8500
1693 361615
1694 25000
1695 230253
1696 225000
1697 37130
1698 50000
1699 235266
169 55575
16 204294
1700 185514
1701 77962
1702 340470
1703 32807
1704 29000
1705 242990
1706 150000
1707 50000
1708 104079
1709 10000
170 25000
1710 19000
1711 47600
1712 100000
1713 160000
1714 51331
1715 50000
1716 3150000
1717 329000
1718 44655
1719 57600
171 57900
1720 250000
1721 30000
1722 200000
1723 59000
1724 402380
1725 434814
1726 500000
1727 255938
1728 27000
1729 10000
172 225000
1730 50000
1731 93548
1732 132663
1733 19000
1734 10000
1735 66600
1736 82247
1737 78000
1738 287485
1739 300000
173 75000
1740 76193
1741 30000
1742 9500
1743 233741
1744 776261
1745 167696
1746 690200
1747 500000
1748 182730
1749 1398250
174 201328
1750 20000
1751 150000
1752 100000
1753 45000
1754 165000
1755 71400
1756 220000
1757 1000000
1758 59500
1759 12000
175 96000
1760 273979
1761 120000
1762 198397
1763 41650
1764 135000
1765 258516
1766 393800
1767 171280
1768 110000
1769 201300
176 174082
1770 280549
1771 43500
1772 12000
1773 50000
1774 10000
1775 80000
1776 30000
1777 45000
1778 100000
1779 237290
177 739839
1780 337964
1781 131619
1782 45000
1783 35000
1784 450000
1785 186067
1786 150000
1787 350000
1788 559300
1789 65000
178 15000
1790 157779
1791 56894
1792 50000
1793 23000
1794 18000
1795 7646
1796 214700
1797 300000
1798 60000
1799 18000
179 439705
17 210667
1800 60000
1801 270047
1802 499800
1803 250000
1804 84801
1805 36200
1806 272422
1807 329570
1808 338298
1809 421623
180 67000
1810 13000
1811 63000
1812 67000
1813 248139
1814 872999
1815 46000
1816 495309
1817 333968
1818 171000
1819 240000
1820 500000
1821 52779
1822 150000
1823 14982
1824 317169
1825 565500
1826 245560
1827 293022
1828 14900
1829 200000
182 90000
1830 30000
1831 23000
1832 187400
1833 44000
1834 25000
1835 100000
1836 45000
1837 131305
1838 72000
1839 180000
183 52900
1840 148200
1841 620977
1842 148657
1843 67000
1844 60000
1845 157009
1846 1062641
1847 95200
1848 55000
1849 98000
184 95200
1850 341500
1851 163000
1852 173708
1853 140000
1854 27094
1855 24000
1856 500000
1857 30000
1858 70000
1859 85000
185 448058
1860 52885
1861 385000
1862 40000
1863 926445
1864 250000
1865 1294273
1866 36000
1867 70000
1868 60000
1869 81771
186 47860
1870 32500
1871 394938
1872 186988
1873 88060
1874 17500
1875 152000
1876 129797
1877 302810
1878 90000
1879 50000
187 300000
1880 256005
1881 35000
1882 211000
1883 25000
1884 130000
1885 21000
1886 120000
1887 161911
1888 130000
1889 30000
188 225000
1890 300000
1891 150000
1892 45000
1893 150000
1894 60100
1895 42500
1896 43200
1897 88500
1898 500000
1899 18500
189 788128
18 217500
1900 60000
1901 215927
1902 698861
1903 144300
1904 200000
1905 1135982
1906 2000000
1907 1334398
1908 42753
1909 39600
190 383673
1910 12400
1911 73800
1912 450000
1913 100000
1914 857100
1915 162000
1916 191605
1917 140000
1918 100000
1919 152000
191 14500
1920 357000
1921 10500
1922 391272
1923 300000
1924 5990443
1925 186075
1926 335293
1927 22000
1928 194000
1929 72082
192 550000
1930 161175
1931 30033
1932 300000
1933 344050
1934 21000
1935 952259
1936 84000
1937 30000
1938 127992
1939 50000
193 139000
1940 458859
1941 44090
1942 120000
1943 2164306
1944 143980
1945 311700
1946 130000
1947 48040
1948 10400
1949 120000
194 283686
1950 125000
1951 27939
1952 100000
1953 15000
1954 193423
1955 118920
1956 70000
1957 149321
1958 1492613
1959 60000
195 99900
1960 1550775
1961 500000
1962 400000
1963 400000
1964 620400
1965 110000
1966 396090
1967 67000
1968 33526
1969 42000
196 300000
1970 47695
1971 40000
1972 32000
1973 200000
1974 105574
1975 3146368
1976 350000
1977 30000
1978 190000
1979 344050
197 217692
1980 349643
1981 203766
1982 29990
1983 753746
1984 35000
1985 610953
1986 19000
1987 81458
1988 378170
1989 120000
198 220000
1990 110000
1991 14000
1992 414524
1993 287542
1994 1225224
1995 250000
1996 300000
1997 141655
1998 80000
1999 100000
199 422230
19 212000
1 32936
2000 181250
2001 30000
2002 45000
2003 1400000
2004 125000
2005 834485
2006 261700
2007 2239999
2008 70526
2009 250000
200 278695
2010 165974
2011 20650
2012 20000
2013 400000
2014 268922
2015 25000
2016 500000
2017 168813
2018 15000
2019 200000
201 87469
2020 90000
2021 200000
2022 80000
2023 105000
2024 150000
2025 191667
2026 70000
2027 125000
2028 108175
2029 96674
202 40000
2030 45000
2031 40000
2032 41650
2033 100000
2034 90100
2035 30000
2036 500000
2037 120000
2038 33094
2039 125282
203 100000
2040 35000
2041 30000
2042 98667
2043 56000
2044 120000
2045 175000
2046 100436
2047 50000
2048 477100
2049 200000
204 91177
2050 12000
2051 23080
2052 586194
2053 79000
2054 110000
2055 314080
2056 1000000
2057 118800
2058 250000
2059 65450
205 190000
2060 305200
2061 50001
2062 120011
2063 140316
2064 211564
2065 120000
2066 880000
2067 71345
2068 20000
2069 439313
206 450000
2070 392512
2071 250000
2072 180000
2073 50000
2074 102000
2075 8000
2076 70000
2077 3120000
2078 106353
2079 100000
207 450000
2080 90000
2081 30000
2082 1500000
2083 200000
2084 110000
2085 72000
2086 122760
2087 2495
2088 83181
2089 271455
208 70000
2090 92000
2091 50500
2092 89162
2093 90000
2094 34406
2095 269238
2096 33210
2097 124987
2098 302431
2099 15000
209 70000
20 200000
2100 208248
2101 75912
2102 105000
2103 10000
2104 78532
2105 396000
2106 238000
2107 14860
2108 16000
2109 300000
210 282342
2110 49682
2111 120000
2112 57860
2113 50000
2114 80000
2115 108840
2116 95324
2117 20000
2118 320199
2119 196350
211 41650
2120 102125
2121 23000
2122 99793
2123 25000
2124 22800
2125 31500
2126 110000
2127 338284
2128 230000
2129 20000
212 40000
2130 265300
2131 506345
2132 133883
2133 351500
2134 340000
2135 48246
2136 117000
2137 100000
2138 85000
2139 47000
213 140000
2140 52500
2141 135500
2142 75490
2143 328000
2144 150000
2145 15000
2146 23000
2147 98000
2148 223871
2149 18700
214 18000
2150 50000
2151 357000
2152 25000
2153 350000
2154 61382
2155 300000
2156 3726000
2157 565250
2158 416500
2159 150000
215 15000
2160 120056
2161 76500
2162 76897
2163 112241
2164 162599
2165 467202
2166 148214
2167 448000
2168 70000
2169 25000
216 400000
2170 103000
2171 808000
2172 50000
2173 92992
2174 196900
2175 38880
2176 40000
2177 276675
2178 30000
2179 8500
217 45000
2180 70000
2181 255000
2182 25000
2183 52766
2184 454963
2185 226100
2186 100000
2187 70000
2188 130000
2189 400000
218 229657
2190 20000
2191 84256
2192 300000
2193 113640
2194 105800
2195 699968
2196 183687
2197 200000
2198 40140
2199 351200
219 60000
21 120000
2200 133280
2201 81039
2202 178500
2203 80410
2204 484205
2205 190000
2206 140000
2207 40000
2208 5000
2209 15000
220 373680
2210 143650
2211 40000
2212 52000
2213 43200
2214 391000
2215 500000
2216 500000
2217 5064
2218 214379
2219 4000000
221 343966
2220 100000
2221 165000
2222 130000
2223 130000
2224 34272
2225 452400
2226 1357466
2227 47600
2228 288838
2229 150000
222 243718
2230 7130520
2231 402100
2232 150000
2233 155000
2234 59500
2235 20000
2236 160637
2237 6000
2238 18000
2239 229200
223 1629776
2240 500000
2241 38000
2242 75000
2243 54600
2244 25815
2245 138105
2246 100696
2247 220000
2248 40000
2249 300000
224 100000
2250 260310
2251 16760
2252 307000
2253 500000
2254 237349
2255 45000
2256 204000
2257 701845
2258 618134
2259 30000
225 138021
2260 38000
2261 20000
2262 154700
2263 4248044
2264 279888
2265 421255
2266 45129
2267 32065
2268 71993
2269 28560
226 230000
2270 30000
2271 550352
2272 50000
2273 293324
2274 100000
2275 169249
2276 108911
2277 40000
2278 50000
2279 222300
227 119548
2280 173383
2281 5000
2282 190000
2283 140886
2284 100000
2285 226106
2286 474453
2287 300000
2288 108480
2289 35380
228 1000000
2290 325925
2291 35000
2292 90000
2293 1188727
2294 27500
2295 20000
2296 102288
2297 40607
2298 22514
2299 99000
229 319277
22 60000
2300 50000
2301 357000
2302 119000
2303 173630
2304 1373361
2305 95234
2306 550088
2307 45000
2308 821100
2309 150000
230 50000
2310 344050
2311 55000
2312 38319
2313 22490
2314 79260
2315 33286
2316 21000
2317 150000
2318 44000
2319 247240
231 5000000
2320 101150
2321 22263
2322 40000
2323 150000
2324 10079
2325 98155
2326 275000
2327 140000
2328 85000
2329 100000
232 30000
2330 18600
2331 40000
2332 156132
2333 620977
2334 98651
2335 50000
2336 40000
2337 48678
2338 874412
2339 771120
233 341335
2340 373477
2341 132046
2342 400000
2343 325500
2344 1807109
2345 100300
2346 10000
2347 44847
2348 555581
2349 14000
234 300000
2350 48130
2351 782768
2352 307600
2353 30000
2354 200000
2355 347554
2356 223720
2357 31200
2358 102600
2359 289462
235 180000
2360 168938
2361 200000
2362 159587
2363 661145
2364 37905
2365 80000
2366 200000
2367 200000
2368 18000
2369 478978
236 125000
2370 85248
2371 160000
2372 40000
2373 400000
2374 60000
2375 395566
2376 158000
2377 150000
2378 30000
2379 100000
237 140000
2380 300000
2381 450000
2382 199650
2383 241405
2384 400000
2385 45000
2386 200000
2387 400000
2388 77584
2389 306947
238 71454
2390 811700
2391 50000
2392 9000
2393 641312
2394 150000
2395 799297
2396 173400
2397 441000
2398 375207
2399 61201
239 20900
23 205000
2400 190379
2401 25000
2402 478000
2403 20000
2404 300000
2405 216666
2406 24990
2407 300000
2408 144000
2409 356000
240 43200
2410 25150
2411 20000
2412 123493
2413 203502
2414 151000
2415 280556
2416 14440
2417 60000
2418 23800
2419 471320
241 45000
2420 147762
2421 134360
2422 15000
2423 100000
2424 128271
2425 500000
2426 2700000
2427 213000
2428 35105
2429 55311
242 129000
2430 222950
2431 20000
2432 105910
2433 180000
2434 600000
2435 344684
2436 125580
2437 158929
2438 228000
2439 20000
243 150000
2440 178500
2441 25000
2442 35000
2443 19050
2444 175271
2445 30000
2446 26500
2447 106250
2448 32103
2449 384000
244 15000
2450 162000
2451 115000
2452 80000
2453 170000
2454 268560
2455 43800
2456 50000
2457 6000
2458 25000
2459 50000
245 97760
2460 828993
2461 11000
2462 29000
2463 100000
2464 327095
2465 200000
2466 151470
2467 10000
2468 850000
2469 80661
246 31500
2470 3000000
2471 400000
2472 15000
2473 35000
2474 95200
2475 406642
2476 36000
2477 47152
2478 40000
2479 100000
247 7069956
2480 334163
2481 52920
2482 13993
2483 50000
2484 50000
2485 110000
2486 44990
2487 59500
2488 350211
2489 67000
248 77350
2490 80000
2491 110000
2492 20000
2493 160000
2494 140000
2495 296000
2496 1586587
2497 761000
2498 78540
2499 27980
249 100000
24 43000
2500 55996
2501 8631
2502 50330
2503 142625
2504 100030
2505 212358
2506 45020
2507 200000
2508 388892
2509 150000
250 809899
2510 1606500
2511 70000
2512 122790
2513 100000
2514 17693
2515 54000
2516 188563
2517 458859
2518 61680
2519 222651
251 50000
2520 12000
2521 553624
2522 345000
2523 110000
2524 25000
2525 20000
2526 81560
2527 140000
2528 50000
2529 400000
252 1000000
2530 71400
2531 20000
2532 363665
2533 161360
2534 50000
2535 138771
2536 50000
2537 136568
2538 52000
2539 500000
253 9000
2540 20000
2541 349591
2542 85353
2543 282261
2544 70000
2545 639567
2546 400000
2547 71814
2548 89852
2549 161426
254 370770
2550 220000
2551 465874
2552 200000
2553 355068
2554 20000
2555 82883
2556 15000
2557 1255500
2558 60000
2559 50000
255 2000
2560 217992
2561 63000
2562 21420
2563 100000
2564 59500
2565 11000
2566 500000
2567 58900
2568 40800
2569 1099299
256 40000
2570 12000
2571 26775
2572 150000
2573 50000
2574 162270
2575 60000
2576 157000
2577 160000
2578 300000
2579 42000
257 58315
2580 4000
2581 393381
2582 146195
2583 177778
2584 80738
2585 80000
2586 103000
2587 18000
2588 150000
2589 150000
258 550000
2590 184450
2591 119478
2592 8845
2593 232163
2594 130000
2595 379392
2596 202463
2597 162500
2598 146596
2599 500000
259 413452
25 22000
2600 30000
2601 35000
2602 353246
2603 220000
2604 51400
2605 35000
2606 445000
2607 7500
2608 408965
2609 75600
260 65000
2610 300000
2611 60000
2612 399752
2613 400000
2614 115820
2615 71700
2616 186542
2617 40000
2618 25000
2619 3500000
261 141208
2620 70000
2621 226100
2622 54450
2623 472809
2624 31000
2625 47500
2626 305000
2627 100000
2628 374850
2629 500000
262 74110
2630 128234
2631 200000
2632 107800
2633 32800
2634 165455
2635 100000
2636 50000
2637 203645
2638 379000
2639 34140
263 438054
2640 1485000
2641 50647
2642 11417
2643 70000
2644 107100
2645 316180
2646 135000
2647 341173
2648 392400
2649 180936
264 21000
2650 120000
2651 400000
2652 50000
2653 140500
2654 244914
2655 91357
2656 400000
2657 1071000
2658 35638
2659 105000
265 5000000
2660 1000000
2661 331854
2662 322700
2663 350000
2664 35000
2665 300000
2666 33530
2667 28000
2668 25000
2669 180000
266 115512
2670 30000
2671 502180
2672 2363600
2673 714000
2674 282625
2675 80000
2676 427820
2677 125000
2678 50000
2679 113400
267 500000
2680 249478
2681 232645
2682 236000
2683 3150000
2684 90000
2685 684574
2686 20000
2687 120100
2688 18000
2689 275330
268 165600
2690 200000
2691 54000
2692 60095
2693 402491
2694 630000
2695 7880
2696 599860
2697 40000
2698 25000
2699 478099
269 22580
26 103925
2700 90000
2701 200000
2702 200000
2703 63000
2704 42500
2705 14000
2706 66580
2707 150000
2708 102000
2709 22386
270 787800
2710 35963
2711 104000
2712 81683
2713 50000
2714 152300
2715 8089
2716 840461
2717 541608
2718 95000
2719 15000
271 40000
2720 290580
2721 228445
2722 154000
2723 20000
2724 72000
2725 23453
2726 337965
2727 300000
2728 12000
2729 450000
272 1059350
2730 13400
2731 37389
2732 16374
2733 30000
2734 182730
2735 1368500
2736 286015
2737 304554
2738 24000
2739 73728
273 450000
2740 330309
2741 500000
2742 20000
2743 52000
2744 66283
2745 30000
2746 149949
2747 298238
2748 250000
2749 16000
274 21700
2750 450000
2751 10600
2752 6944202
2753 233700
2754 306666
2755 255000
2756 80463
2757 1152099
2758 44000
2759 67940
275 31500
2760 199800
2761 38500
2762 300027
2763 336970
2764 200000
2765 4300
2766 60000
2767 27000
2768 240000
2769 1356915
276 98530
2770 60000
2771 75000
2772 317000
2773 40000
2774 37000
2775 240000
2776 290000
2777 3392151
2778 140090
2779 50000
277 15000
2780 100000
2781 16500
2782 1000000
2783 80000
2784 60000
2785 12000
2786 236250
2787 53929
2788 8000
2789 348007
278 95200
2790 16333
2791 166200
2792 103323
2793 55300
2794 25000
2795 125000
2796 205755
2797 32000
2798 17993
2799 65000
279 40000
27 250000
2800 53000
2801 38615
2802 201600
2803 20000
2804 11000
2805 100000
2806 198730
2807 7000
2808 52703
2809 17814
280 21200
2810 19294
2811 22500
2812 236810
2813 52131
2814 329000
2815 182000
2816 13745
2817 25000
2818 395753
2819 20401
281 223404
2820 280000
2821 200000
2822 30137
2823 700000
2824 33750
2825 2153205
2826 22000
2827 100000
2828 80000
2829 3133972
282 8603
2830 200000
2831 116000
2832 110000
2833 200000
2834 270000
2835 280000
2836 450000
2837 160000
2838 429366
2839 160000
283 100000
2840 339666
2841 202915
2842 60500
2843 200000
2844 30000
2845 200000
2846 265800
2847 116754
2848 111004
2849 91358
284 400000
2850 98348
2851 25000
2852 200000
2853 90000
2854 100000
2855 426000
2856 10000
2857 370143
2858 140000
2859 54000
285 140090
2860 250000
2861 528153
2862 22000
2863 21000
2864 138479
2865 92000
2866 118400
2867 8000
2868 300000
2869 160000
286 265000
2870 21880
2871 74990
2872 370315
2873 459000
2874 280000
2875 230000
2876 262200
2877 99200
2878 1410000
2879 212842
287 150000
2880 50000
2881 87800
2882 402666
2883 24500
2884 214000
2885 519496
2886 15000
2887 180025
2888 20000
2889 72000
288 193560
2890 108290
2891 70653
2892 218174
2893 76154
2894 257650
2895 500000
2896 237700
2897 377550
2898 56000
2899 106148
289 15300
28 42000
2900 15400
2901 17000
2902 200000
2903 100000
2904 120000
2905 99180
2906 2100000
2907 173896
2908 180000
2909 75000
290 261460
2910 100000
2911 135000
2912 456325
2913 186944
2914 382000
2915 124987
2916 200000
2917 9500
2918 89300
2919 320000
291 63000
2920 500500
2921 150000
2922 123218
2923 144000
2924 8000
2925 12000
2926 259081
2927 74187
2928 157914
2929 25000
292 1081615
2930 196231
2931 120000
2932 153026
2933 40000
2934 84000
2935 245861
2936 111444
2937 180000
2938 180991
2939 177000
293 190530
2940 316405
2941 18000
2942 36000
2943 50000
2944 114000
2945 15000
2946 18500
2947 67000
2948 400000
2949 19500
294 200000
2950 73000
2951 15000
2952 100000
2953 100000
2954 50000
2955 30000
2956 254723
2957 200000
2958 175000
2959 265000
295 200000
2960 53460
2961 1581967
2962 167100
2963 19905
2964 95200
2965 110000
2966 124000
2967 306019
2968 150000
2969 107645
296 22900
2970 500000
2971 12000
2972 155609
2973 256792
2974 30000
2975 235996
2976 50248
2977 80000
2978 328136
2979 155000
297 558420
2980 62000
2981 211975
2982 8000000
2983 205179
2984 27147
2985 45954
2986 20000
2987 20000
2988 444665
2989 29524
298 859444
2990 6792972
2991 170000
2992 162000
2993 340000
2994 11900
2995 135000
2996 100000
2997 85000
2998 150000
2999 13356
299 220000
29 209063
2 135662
3000 100000
300 47124
301 510266
302 500000
303 535500
304 80000
305 15300
306 350000
307 32000
308 28380
309 36576
30 205000
310 300000
311 20000
312 200000
313 50000
314 32936
315 490000
316 102078
317 34000
318 14000
319 139587
31 20000
320 10000
321 2000000
322 42368
323 315000
324 600000
325 135000
326 200000
327 340960
328 100000
329 355947
32 178200
330 31110
331 14990
332 25000
333 50000
334 50000
335 14500
336 50000
337 62100
338 310424
339 300000
33 500000
340 200000
341 208670
342 130121
343 22100
344 144000
345 5000
346 70000
347 1498933
348 71200
349 30000
34 64000
350 63300
351 157779
352 18388
353 442643
354 8000
355 80000
356 18700
357 12000
358 25000
359 100000
35 50000
360 2500000
361 50000
362 500000
363 3000000
364 41055
365 156766
366 150000
367 30870
368 314500
369 9900
36 70000
370 266000
371 25000
372 28800
373 352020
374 180000
375 400000
376 172293
377 18000
378 350000
379 310000
37 70000
380 60000
381 20000
382 487741
383 15000
384 400000
385 7500
386 380806
387 30000
388 622080
389 100000
38 25000
390 200000
391 404271
392 200000
393 75000
394 4503833
395 145000
396 20000
397 90000
398 251983
399 517993
39 153000
3 180000
400 512542
401 225149
402 227000
403 100000
404 120000
405 216000
406 421521
407 1935233
408 218000
409 90000
40 66000
410 100000
411 15770
412 1088955
413 1500000
414 101150
415 40000
416 30000
417 105000
418 5000
419 480000
41 219511
420 60000
421 17550
422 369626
423 68000
424 22890
425 160000
426 25000
427 20000
428 500000
429 1051649
42 114835
430 70000
431 280000
432 116758
433 30000
434 200000
435 1151563
436 187182
437 183756
438 30000
439 10080
43 100000
440 100000
441 63790
442 377550
443 8000
444 29500
445 180000
446 128999
447 484330
448 100000
449 29662
44 174740
450 330024
451 24000
452 38880
453 240667
454 359230
455 210000
456 30000
457 37947
458 36000
459 20000
45 300000
460 315571
461 357709
462 25000
463 95000
464 500000
465 366716
466 50000
467 36000
468 240000
469 200000
46 18309
470 488146
471 137000
472 78540
473 80000
474 22650
475 217347
476 25000
477 70000
478 50000
479 13680
47 807940
480 474144
481 218000
482 900886
483 153228
484 152100
485 423334
486 250000
487 250000
488 211529
489 5530739
48 221470
490 45000
491 48000
492 50000
493 480000
494 85822
495 145027
496 76000
497 70000
498 569484
499 9000
49 44000
4 764575
500 3895861
501 275000
502 315571
503 19293
504 10000000
505 60000
506 55406
507 26500
508 110000
509 146700
50 300000
510 350000
511 27853
512 4500
513 9300
514 25973
515 260000
516 24000
517 100000
518 111241
519 25000
51 200000
520 500000
521 322265
522 208730
523 33000
524 15000
525 75600
526 300000
527 270357
528 76629
529 20000
52 135954
530 97000
531 60000
532 173500
533 120000
534 1500000
535 50000
536 212047
537 53400
538 200000
539 60000
53 230000
540 76000
541 230000
542 298902
543 178400
544 250000
545 231342
546 133875
547 400000
548 150000
549 341500
54 270000
550 16500
551 28000
552 60000
553 275500
554 449430
555 35000
556 6800
557 331880
558 53600
559 102382
55 200000
560 14571
561 170000
562 75000
563 410000
564 67095
565 240000
566 219608
567 1368900
568 33737
569 50000
56 14250
570 164680
571 300000
572 285012
573 80000
574 100000
575 400000
576 56200
577 233600
578 250000
579 400000
57 257754
580 494136
581 169664
582 417000
583 65000
584 103667
585 153000
586 380000
587 454518
588 136192
589 1930000
58 300356
590 245292
591 720305
592 295000
593 81824
594 49995
595 238000
596 434814
597 62000
598 103840
599 1987786
59 882239
5 813000
600 82075
601 352363
602 134911
603 45000
604 242322
605 125010
606 66914
607 49875
608 121500
609 400000
60 224340
610 352800
611 28340
612 2831184
613 500000
614 162400
615 84000
616 4201203
617 8458783
618 48680
619 73454
61 156009
620 110000
621 40000
622 40000
623 53000
624 195000
625 144200
626 100000
627 261000
628 514675
629 309692
62 77000
630 36000
631 47081
632 26000
633 450000
634 200000
635 500000
636 180486
637 1084378
638 199456
639 60000
63 40000
640 1387250
641 400000
642 118000
643 50000
644 210000
645 400000
646 23000
647 197500
648 5664254
649 500000
64 298890
650 100000
651 158808
652 357155
653 144000
654 195736
655 100806
656 367408
657 138986
658 108300
659 8170
65 100000
660 155672
661 5490
662 120000
663 42855
664 35000
665 45339
666 39900
667 119000
668 70176
669 368552
66 93000
670 85743
671 70000
672 300000
673 200000
674 250000
675 36000
676 2388330
677 32781
678 73350
679 86527
67 40000
680 7108219
681 20000
682 262000
683 85556
684 1115625
685 101660
686 75000
687 145000
688 409439
689 220000
68 21600
690 90000
691 16480
692 15000
693 69205
694 428273
695 50000
696 234000
697 46000
698 210000
699 329667
69 305064
6 500000
700 150000
701 62000
702 400000
703 31800
704 250000
705 409360
706 514188
707 400000
708 100000
709 100000
70 36028
710 200664
711 28000
712 452489
713 30000
714 195000
715 200000
716 705960
717 440000
718 110000
719 19710
71 299990
720 80000
721 178766
722 150000
723 1677900
724 45800
725 250000
726 1112412
727 55000
728 129144
729 47485
72 169171
730 20000
731 226000
732 130000
733 500000
734 110000
735 401250
736 46300
737 233054
738 225000
739 202237
73 15000
740 279888
741 250000
742 34094
743 375231
744 63000
745 992460
746 266108
747 400000
748 227290
749 1334580
74 157796
750 193277
751 500000
752 60000
753 209906
754 756000
755 377350
756 286742
757 20002
758 8500
759 60000
75 218000
760 369234
761 160999
762 36000
763 13000
764 25000
765 118076
766 374367
767 250000
768 63665
769 172785
76 150000
770 7000
771 52000
772 50000
773 300000
774 30000
775 20000
776 603840
777 150736
778 145537
779 5000000
77 52599
780 100000
781 150000
782 10000
783 226872
784 71400
785 1047183
786 405000
787 127416
788 322390
789 120000
78 600000
790 103000
791 240000
792 100000
793 208000
794 25000
795 130800
796 60000
797 300000
798 301725
799 96751
79 200000
7 90000
800 3309509
801 1000000
802 50000
803 9914479
804 67473
805 30000
806 255000
807 72000
808 240000
809 85000
80 100000
810 65000
811 100000
812 300000
813 72000
814 43000
815 300000
816 57700
817 200000
818 25000
819 80000
81 400000
820 35000
821 14000
822 6000
823 100000
824 39000
825 27000
826 61000
827 566616
828 235000
829 92000
82 200000
830 25000
831 24400
832 374600
833 500000
834 2500000
835 55000
836 103926
837 130535
838 5597816
839 77469
83 200000
840 3000000
841 107100
842 464900
843 269640
844 105060
845 240000
846 58750
847 142000
848 400000
849 229500
84 490000
850 900000
851 70210
852 10000
853 80570
854 100000
855 318040
856 166985
857 60000
858 65000
859 350316
85 116667
860 55000
861 132968
862 150000
863 40000
864 35480
865 154224
866 75000
867 8990
868 1029112
869 374850
86 110000
870 14500
871 22000
872 500000
873 1228080
874 300000
875 190486
876 13835
877 2000
878 76322
879 98081
87 145000
880 35000
881 21000
882 225000
883 60000
884 22000
885 50000
886 130000
887 87000
888 170170
889 43715
88 6262
890 486115
891 342729
892 80000
893 101600
894 50000
895 1056000
896 464100
897 5000
898 78000
899 36440
89 310000
8 400000
900 250000
901 41334
902 15000
903 325000
904 12000
905 180000
906 46500
907 157492
908 90000
909 85148
90 150000
910 200000
911 42483
912 340000
913 100000
914 110000
915 60000
916 100000
917 112375
918 50000
919 176620
91 375000
920 370000
921 436000
922 235620
923 25000
924 25000
925 15000
926 234000
927 80000
928 23800
929 50000
92 130000
930 170000
931 266000
932 121700
933 500000
934 273473
935 16194
936 7000
937 70000
938 100000
939 485000
93 238140
940 27900
941 73000
942 130657
943 503440
944 41055
945 32130
946 52020
947 20000
948 1105734
949 30000
94 314850
950 144000
951 14050
952 138496
953 83210
954 19500
955 120000
956 1000000
957 125000
958 130000
959 449000
95 200000
960 141750
961 100000
962 250250
963 241089
964 400000
965 82247
966 93647
967 86000
968 89299
969 10000
96 44000
970 1446469
971 70000
972 183000
973 400989
974 8000
975 192017
976 49510
977 19000
978 70000
979 320000
97 17700
980 111800
981 46005
982 249118
983 200000
984 24000
985 134000
986 200000
987 18588
988 435504
989 318646
98 105000
990 252000
991 108900
992 500000
993 143078
994 42150
995 404150
996 40000
997 151130
998 12000
999 30000
99 87300
9 102569
